image: /home/leduvanh/my_map.pgm
resolution: 0.050000
origin: [-14.128694, -10.519675, 0.000000]
negate: 0
occupied_thresh: 0.65
free_thresh: 0.196

